111

1 111111111111111111101111111111111 ,1111111111
1111111111110011111 11011110 (1111111111. *wc
0011111111111111111111111 por 1110111011111011 (11111111
..1111111111 (1101111111, 1111111111 11 eo 1111011·
111, muniendum 111 proprie 11111101111111111
11 111111011,111011010 0111111111111, 1111111111
1111111 0111101101 1111101111111, 11111110 1111110
1111111111 11 negligentia 111 peceatum quodvis
11111111, tandemque 1111111111 gerendum 01101111
11011111 11111111 001001111111111101 1111111111111111. ·

1111110111111111 113001100113111111. 1111,
111,100,111,111,111. 1111, 11111111, 1101.
111110111111111. 111.,0011,11,111,111,111
mmmm, episc, 111111, 010.
111111111111111111111111111111,111,111.
1111111111.
{lalfflssgssus (1.1, schireburn. 111110111111, 110,
Amanus, Leodiem. 11101110.,1’.1111,111.
1111101111 (11.1, 111111111111... 111111,
1111081, 111111 011, 1108, 111, 10, wffl, 1151, 1111,
1111111111, 11311111 111-.1·11111.,(3111. 111811, 1111.
5111615111811114371,1111111011. 1111111110..111Ι1,111,
1118111108, 1101111111. 0110110.,1.1111, 1111.
moinus, 1111101, 1111, 111,
1110111118. 1110111111. 0111111111. 101.
ὥῒῦἳ, 21ἑςτ,11118111ὧὲέ11110,,1111111, 111, 111, 110, 111.
111111111111111111· 11111111 111
11111111111031151111, 1111, 1111, 11111111
1011,ι 1111 1111111111,1111113111, 10111113
111111111Τῦ8 (8.1, 1111111111. abb.. 111111. 1111.
1111111111111111111111·111111.. ι...
11011100111111.,111. 11 , 101, Ι11,1··111,190,161,1011,
wfffiffl'. 1011, 1011,1011,1111;11ῑ111,111,011,
1111111111101 111111111111.,11111.. 1111111111,
111. 0111111, 111, 111111, 111, 101, 1111111111,
1111, 111, 111 111111. 111, 1111111110, 1111. 1111.
101111111ᾗὸ1), 111111.. 1111111, 111111,
1813111, 111111, ‚usa
BRUNO (1.1, (1111111κί1101.1111.11111.,1,111, 11, 1111, 1011,
111, 1111, m. 111, 111, 1111. 11110111, 111.
namo 8.), signiacum, 111110.,1“.111.21111.101.
0110110 1λὶ 1, 11011111011111. episc. cxm, 510.
01111110 8. 11111111111111 ‚ 131111.
,0111191111ὲὲ (1.1, 11111111.. 111111, 1111, 111,
eunomius (S. . 011110.. 11, 111111, ³3⁸.
commus (S. . 11111, 1111, 101.
ωὲ1ἔ81ὲ1111118 (3.1, arnaginem. episc.. 11, 111, 510,
1111111011. 11011111.. 11111111, 001.
0110011111. ρ... ,1111111101
Η11111111111111118, chrisum ,1011111111 montel„ 111,
63911161ἓιθ1118 (111, Notionem. epium, 1111111101, 111
111110011011111111. e ’11, 11111, 110111.
nmmos, 1011111111 .. 1 111111, 1001.
1111111111(1111111111... 1. 111. 111, 111.
101111111111111. 11111, 1111. 990. 018, mn.

1110111111111111.111111111111,111 111,

8118111111, auhn.. 1111111111.

1111811111. ,11 lens. 11111.,11111,110,111, 801.

1111111111 111. ’111 , 1111..111111,101.
1101111111111111111. 101.
mguffiws (1.),1111111111111, 11101111,
1111111111·11111111’11
0111111111 (1.1, mx. 11111.,111,11’1,101,111,
8111111111111111111111111 ἱ ,
mmmm. elehenwg. 1111 ,11111111 111,
111111111101011111, 111, .

INDEX 1111 11111111.

1111·

1111111111, 11,. 0111111, 111.
0011111111,11111111. 11. 1111111110. .
11111111111111,0111111.111111.,0111,111,.11,
11111 11111017
0111111111, 11.. 011111, 1111111111.
0111111111. 111, 0111, 111111.
11111111111111110111111111.
1 ...1.
1111111111·
10111171111111111...111111..0111.11,11,11,111,
’51111011111111101111,111 111 11111111.
11 1111111111
ιδ1111111111), pictaviens. ..11, 11, 101, 11111111.
131115Β11111ῧ1ὲὲ, sgffiu'ufwne. 01110, 131111, m.
11110111101111 11111101.. ..1.,1111 111.
1111110110111111111 abbat, 1111111, 111. Ψ
amemus, sternens. 1101111110.,1111,11,10, 11.
11, 111, 101. 11111. 11, 111.
1101011111 1, μρ..1.111,111. 3
1101101111.ὓὶ111111101111011.,1.11111, 111, 1011, 11 111,
1111111111111,111111111113111ὲωη9ι9 ¹
11115111οἤ7101ιὲ1ἓῖ11301 1101111111Ῑῖ 11141111, 1111,
1110011111 11, pap.. 1111 ,1111 1111111,
ΙΙ11110 111111111111, 1111, 111, 1111, 1111,
11110111 (1.1,111111111111.,1111111, 10011,
611811111111111111, cm, 75. ι
1311111 11111111111111,Ι ...ἐξ ..1. μ
1111111111υ 1111111111 1131111111)1111111111111.
1511Ξ151ἷ11ἳ191ἔᾟδῇ16ἓ1611111111. 1111101111.,1.1,111, 111,

mmmm (11.1,11111111101 apim, 11111, 091,

110 1 ριῗ, ι131111, ⁰322

1111111111 , ⁸ .
111111Ἐ11κΤ11ἰ1ἒ111111ὴῖ11181ῂ ¹xm, 101, 011, 111.
ωξ1ἓὲ1115.1, 1111111111. 111, 1111, 001101, ww,

1111111111 S. ‚ 1111, 1111111, 111, 111.1 Ι
marmus S. , 1111010111. 1111111.,111111,111
711111111.111111111111111111, 111.

1 ,

’ 01110111 mm ., 11101111. 111.

11111 11111.1.1.111111ξ,1111. 11111111.

1161 ,111 0 1101111111 (8.1,111111011.1111..
’1111111011 ,111111111111111111111111.
mmmm (1.1, 111111.. pamm.. 1111, 11,

111111, eum, 101 1111. 1111.

11111111 11, μμ, 1111, 111. .
111101 11111111 ..1011111111 111. 101,
711111101111111111111811 1111111111. opion.. 1ἐὲᾼὸϋῆ
’111111111111111111111111131111.1.,
’1111111111 00111101, 011111, 1111.

111111, magns. 11111111.,00111, 111, 11101,
ἓῗ,1ἷ1ἷ1ιὶ111811111111101111001111, ccxl, 1111111111,

 

