020 1111185 1111 BENEFICIIS. 1010

ram 1001011 511. 100110 01 1111101 0110000, 11010 001- 100111100111, 1501.1100011001110111100111111111001510·
01111,1,511,15111. Dua 0110110 0110011111 0111010 00000 111101011ου0 1011101, 1510, 101101110111811. 11111110 01
1100100010, 518. 011010 :nummulorum 1001011, 1.]1101111101110111011 001111 111110,1511,111111105.1101111111
4111100 011101101110101100101, 5105010101 011000 martyriaque tumentes 1010000111 coram 0011100500
001011, 0001 1101111001,519.1“1.10000 10010 1111110111, 1110111010110110, 1550, 1551. 1111010 S. Girlenr 0000000-
150. 1011110001 0111100100υο 1011001101 551, 555. 11010110 0011 1111100,1511. 1100111 1111101 0111011 10 110,
11100100010100111100 01111101, 0010011100111100, 555. 1511,1543.001111111111101100111110101101οο 10001100-
101111000 1011000. - 11111110 armannus. Petrr 0110· 1111 1110101, 1515. 1101111 010 01110 moribunda, 01101101,
11111111115111111 1111111111* 11101111· 11111111·’11111111111111111·11ΙιΙ 11111111
’uer 1111111101 1101111, 1111 1111101110111111111011001 00011101001101101,15115.110011011111111101111111111101601191
10 11110 000 1111111, 1101. 100110010110110010101, 11000000100100,1581. 1111111 1101110101101, 1585. 1101-
105. 1100001100 01011 10011000 10 1110111 101001101, 11115. 10011000000010111385· 11111 moribundus 111 1101111110
‘uer 1111100 0110101, 1101. 1110111101 sanatur, 1101. 1001101111, 1515. 0110100111111 1010011010111101110101
’11101 110110 00111 11101011 strangulantia 1011110 1111011101, 15811.
161, 1111010110ιο 0111101, 1107. 1101101111οι10 11011010 11111011001101001111111. 1101110000 - 1111010 8.
11010 0010111111 0000111011, libentur 01 0111111, 1151, Ρο11011101111000111010101,1ὮΙ1, 50. 11111110 8, 1101111
060. 001011000101101111011000101101,11011.1100110101 1100100010 templum, 10010 idolorumque 00111100 igno
11001110011101111, 00011 0100011010 1111010111, 010110 00- 11010111 concrematur, 10. ’1111 11111110 11011100111011111-
11000 01101101150011 1010101, 0001 0011110100 01 11101· 11101 convertamur, 10. 1111010 S. 1101100001010010 111·
us brachio 01101101. 111111. frumentum 111 00010οἰ00 11 0111000100, 111. 1001110110 phreneticus sanatur, 111.
1111 1101101101, 1108. ruer 111111 0001110101 erigitur, 1100101101 moribundus 1101100111.
,11 ,8, 1161. 00011100 10101 01111111010111110.-1111010 5. Stephani
l'mur 1111011111ιο 1111111010101110. - 1111101011, 0001100011011111001 quodam 01110110 1111011101, 11211,
1111011 0001 1110111100 10 111110 101010101, emur, 10101010, 111000111100111110 01111101, 1010. Puer 111011-
rso, 1101000 01111111, 111111. 110111 1111011100110101, 1109. 1110
1101η11001100111111.- 11111010011101001510100· lyricus sanatur, 10111. 010111 1101001101, 1019 Petrus
1011010101100101010 1100100 0000 1111011, 11501519. 1110110 01111 1111011110 0110111, 1050. 10110111111111011110
110001011011011001101111100-1111010 S. 1010101ῑο suscitatur, 1051. 01111000 0110 0011110010 111101 101011-
1011011151101100010 1010 01001110 1 carcere 01 011011Ιο 101.1055.1100111000011011101001111101010000111111101.
,10011100131111 1510110011111101111110001111111111111 11151. 11011111 10 111111 1110011101 01 1101010101 001001
11011101, 1510001110011000 1111011101, 1511. 111110 a 51111111, 1054. 100110110001111101, 10501111110001011-
1010011ιο 01101110 liberantur, 1150. · 0010 01 0110010 liberatur, 1055. Quin 00 0001111 00110010
5.11001000101.11101111.111οι0. -111101051010001 01 11100110 1101101101, 1051111151. 010001000ου0 001
0010010001111110 1111011110 1111101, CXCV, 110. 11100 00100011 100100101111011101, 10511101110110000100111-
110100 10011111101111. 11111 0010000 11001100 01011111, duum 1001011, 1051. 1100110110 0111 00110 11 omnbus
101.1011011011110011101010101111011111,101. 1010 ab 10100010 1101101011 11111101, 1058. 010 turrira
S. 1101100111ιο 11111000. -11111010 8. 1111111001 respuuntur, 1050111110οι 10101110 000110 11110011-
0111110111011011000111101 01111101,111(1111,1105.11011.0 ’111100 000100100, 0111000 01010101 r' 0111, 1 11. 110111
0110 101110100100,1000011101000 111 110511101001001 10011011010011110101, 1050. 110111οἰ11110 11110101, 1050.
11110101, 10010001 1111001101, 1111. 1100100001 011 110 111100 igne inexstinguibili 1100010000111010011. 111101·
11101101 00100101, 11111111110110010111100011010 01111 0011 1111111111 010 011010 00010 destinatum. 1011,
110101001111011101,1510000111οι 0010 0010001001 11111- 1011. 50111111 110001101110110 1001101 sublevandos,
101111,151, 151. 5011101101 11010101, 151. 1101001111 1011, 101515001010011011001050. 1001 0100000, mu-
0101000101 155. 100 01 1111111100 1110011 1111111010 0011101011 1111101111 .
10110100 ἑ1010101111110.-111111110 01110011111111101· 1001011, 1051. 1001010010 110101 1100110001011111100
1101010 00000111011111101, cxcix, 1011 1055. urbanum 1111101, 1051, 1051. Puella: 1111111110 00111 11 11101,
11000011111010100001100 1001·1010011111 ¹⁰⁵²· ⁰⁶⁶³·
10511, 11110111 01111 norbo 1110οΡιί 01111101, 10511. 11οἷ 11011010111011100010110011010100000111, 1055, 10111,
11101100 10010 febro 1111101100 01001011, eacus, 0011101, Puera 11110110111101011110101, 111111. 11101110 01100110
11010001001000 100111111101101101001 1110010110 1001011, 11100 11101101, 1051, 1005. Puer 1110101 0101100ος 1000.
1010 001100 111 1110011010 generali 1111011101 1010. 110· 10101 01111111,1055.1100011010 111111 101000101,1055.
11010011 01110 111011011010111110111, 10 ,1100001100 105000000111111110101110111111101,1050.1101101οι00
11111111111111113111* 1110... ..mre 1. 515111111111,1111.111111111·.11111 11111
11011110 S. 0001οῑ111 5100010010 0 , 1010 dotare 101,105101000111111101010010111110111,10501050.
10011011 0101111500υο 1110101, ’0, 1111, 1115. 000011111111101111011111,1050 110111 rura 1101101 reri-¹
00000111011111001, 11111. 0111001 011011 10110110111110- ’1,1058.010110111111111 11101 1111111000 11101111, 1010.
1111111110101111111111111111111111111 01111111111111,1111..’11..“11111111.1111.11;· ¹
1110111000100110011100110101,1118. Virgo 011110011οι 11· 0011101.10511, 1000. Puer 100100 10010 10001101. 1050,
1010111,1118.1010110 egrotus 1001101. 1110. 1011110 11100 1111.οι 01101011110010001001101,10111.10.
10 111011 101000101, 11101 1150. 11111010 S. ,1111101 ’110- 01010 00111101 gurim laborans 1001111, 1001. 1010110
jotrensis 00100. 0100101100υο libentur, 1118. ’1010000100 00001100101111011101, 1001, 1001, ,1001000011 μή
sedatur 010111110010100110111001111, 1110110000 10 morbo 0111011100 10111101, 1001. Puer gravissimo 10.
1111111 101000101, 115111101010001 1011 0111010 10001· 110 010111011οο1100 0011101, 1061, 1005. 101110 enudus
101, 1151. 11001ιί10000 0101101, 1101. curcur 1110111111· 1111101110 10010111ὼο111, 1051, 1065. Puera 11011110
101, 1111111 00 0100111100 1010111001 0111101001 1111011- 00001111111,10115. 1101001111011111110 1111101111101011001
rur, 11111. 1111111101, 111111. 1110000100 010 000 10100100000111111001101,1005,1 Ι1111010111011·
011011011101111111000, 000 00011100 1001101, 11101111. 11011001, 10 0101101001 0011101010 1011101111, 1001. 1001.
1000000101001101010 1010011111, 1111.Ι 1111101 languida 0000101111000111011110000001001110111101010 01 com·
0011101.1111.11110111001001010001111,1110. 001 00011100 1111111101, 11101. 11011010 00011100 1111101110 01, ·
00111111 1110111 1181. 001110οι0 erigitur, 11111, 111001 iz· 0110010 liberatur, 10011. Presbyter surdus 10011011 1110-
11110100101,1111. 1000111011 0 001111101110001101, 1111. 0101, 10119, 100 0010110 01011 101110 00110 Ι100 0111101,
Puer 1001110 001110, 000 110000111011111111111,Ι 1185. Cara 1001111110. 000001111111100010100100111111111011001.
111ὲὲ010010, 1385130102,οῶ 01111ἑὲ111 ὥῑὴιὲῗῐιι1ἰιῐῗιῶἶ1ᾱιειιὲὶ1, ἷ’ὃὲιὸ1,1100120, 1011. 1101100101111111101110 1110110100011,
. acon '2 2 · ¹ ι 0

110 0101111, 11111, Μ. 100111 0001 mu 0100111101, 0001101100 00111111 -111111011110000101101101010
1188.100111110100511001110110001101101,1189. Puella 1011101001 1111001001 01 0110010 1111011101, CCIV, 11110.
1011111100 01100 01 surda 000110 01 1110 0001101, 1119. 1111000010 1010000100 000101110101, 1191. 10011110,
sardus 1111110111 recisit, 1110,1100.1]01011010 et 01111110 1111111111, 00111100 eriguntur, caduci 0110011111 01010101,

0110110101 00111111, 1110.11111110011101011110111100101, 11118.1011110010001110111111110001100113110001000101,
11110.1110111101011011110000011001101 001111111010- 1109. 1101 11101 0001100100110110110000 0011110101
01101,11110010000. 000000,001010010101100 10011- 1110110011000101. 110010 0010110 01011101 1111011110
0111011000 1100110101. 11115. 1001000101000001001101, 11111111,1101,1101.111100 101111 11010101 1001100111011
111111 01110101 0100111, 1101. 1101011001 010 0000110110,

11111111110111001111111110 1010010111 011 1111101001 garns 0111101, 1105. 000 1111 1001 000001 1011011011

 

