805

111111111108ἕ8.) 8111111111. 111111, 11111111, 11111.
111111118Ιο81 .). 1111111111111. 111111.,111,8116.881,
1111111111, 1111, 1111, 11111, 1111, 11111, 1111,
Η1151511800108, Luxus-iens 1111111.,111,196. .
1181111108 (8.1, 0111111111. 1111111111, 011111,
57015101011510155, ·⁰⁹{31⁰iv†¹{¹5¹·2v’3332
55155551055155515 ⁸ 551515 5111, 11511111, m}
7851550015Ἓὲ 0551115551ἒο archiepisc„ 0011111,
ι511555, 5551551155 111, 111, 111, 111, 111, 111,
905851000000018ζ585, 1111111111 abb.. 0111. 581.
summutas( .).L!araennenu. 11111, 0111111, 15,
75508150850508 (8.), 1111111111. 1111111111.. 111111,
ει5551555510. 0111111111. 1111111111,,01ΙΙ,7Ι1,885;01111,58.
1111010 ,8,1, Quatenus. 1111111.. 11γ1111ὼ701.
5551551151155555115055555110, 1111, 1111, 1111,
ῖΪΞ110711111108, Christian.. 0111111111. munch.. 011,
’1111111111111...1,.,
1111110111οΒ (8.), Lugdunum. 1ρ1111.,1.. 816. 858. 861.
111ῖο111108.11111., 11111111, 1111, 1118-088.
8010010818.),’11111111.1111111111., 011, 710, 761.
1100111108, 11111111111111. episc.. 11111, 781.
1101188111 08 (S 1, 0111111111. episc„ 0101, 187.
1111111111), 111,, 1111111111.
1111111111·111111ς 111111..
0011110808,111111111111.,1ρ111., 010111. 701, 1071;
0’5’55115553111,11,111,,,11111111111.
55505555555505555155195155111,111,111,
ηψωηωω,
01111111’111101110111.
1111111111,111..111111,111111. ,
0011101108, 8. ’1111111111111 1110,, cun, 511, 516.
1111111111111111111111 11,(111111111111111.
11111111,111,11111111.,1151,1111111111.
5505155555555551555555515555558155551,1111
ω, 65(ξῗΙῖΙΙιιῐέδ.111ῗὶ0011101111111111,111111, ‚ ,
cxltlzwffissaznffl's' 11611111),11111111111.,0101Ι, 185, 717;
1111011808, 11111111. 11111111110111, 11110.
1113111.111111111110111· ’”” ⁸⁸⁹·
1111111111111,11111,1111, 1111.
1111111111111111111111.
1110111008. 1111111111. 1 111,, 1011881.
[Eo ,11101108 1185, pa ..011 185110, 110, 1101.
10108 111111. 11111.. “ Ι1,111.
1111’11111ἐ,1.1, temonem. 1111111001, 111,
Ἡ5110161505 (8171111111. 111111, 111111, 161, 501,
555011018.) 0111111111. 1011, 11111, 1015.
111,,01111-111. 111.. 1111111, 111.
omo 118.1111111.,11111Ι,81 ·
ε5511555155511515.,555111, 1111.
11111108 11111111.. 0011, 1011.
1111111111111Ὂ11, 1111111111111111.
1111081011111111) 1, 1111111111. 11111 , 0111, 1101,
156511515551155511555. e 11. 1111111.
15111111,1111111131011111111. 91 m w
151551551551551551555551ι 5550 1551511. ’ “
1111111108 11011 8, 111111111111111111111, 01111,
ι155551515511111111.111,11111111, 1111, 11111.
11101111011111111111. 1111111111.,0111, 11.

INDEX 1100111111.

806

7181110108,111111111111111111 1111111111, 01111, 1111.
ι91111131151ἳ11111·81 S. 1101111111, 01011, 817, 115, 111,

1100111708,8.1111οή1 11111, 01,, 1766, 15118.

11111108, Aquileiam.. 111, 718.

8111101118 800108, 0111, 117.

8111110008, 1110,, 011, 611, 618.

8101011108, Augustodunons. ερΙεο.,0111111,1181.

8111111108 DE 1111111111.,1110111111., 111111, 851.

8181011108 1111111111. 111111.,1’,011, 571.

1110,0111111131111111.ορ111., 1111, 801.

’111110111100881111 111,, 0111111, 788.

1000001108, Aure . 111111.. 01, 117.

71101118, 011111τί111. 1111111ρὶ1111.. 010, 111.

0111111108 1111111011, 168.

11011108111111111.. 1111, 118, 111, 117.
ΗΙ)11ὲ’110111111108 81111008, 1111111111111111111, 0111,

1701118110,11111.,0101,1110,1186.

1011881108,11)11, 0111, 111.

0101111108,01111111111., 11, 1185.

ὅ 9171ιξι11ὲ511111118, 0111111111. episcop, 0111111, 501, ·

uerno 111111.
Dc 1111111111111 1011111111 9111111.

11111111 1111111111 ostenditur quod 1111111 10111

cavit. 111111 potuere 111111111111111111111111
mun, grati ips! 01111111110111111111 111 1111111111 nisi
3ξὶ waaelq'uffhge‘r' 0111111ιῖ121, Ι1111 011111 promissum,
· , 1 111111, 11...

1101111008 (111111111111111 861.
11111οι111), 1111111111 11111.. 011511, 158.
5155551515,’1Ξ5Χ5Ξ15551ᾗζ150505515551, 111, 111.
1111111 1111111111. 1111.. 1111, 111.
1111111111 (a), 1111111111, 1111111111,
850ῐ 870011, 878, 1011011101 11, 1118, 1588, 1755 3
5515551150 05501. 1111.,111111111,11111.
11155555111511111111101Ψ’”’575
1111111111,11511ομ11.15111.,’111111111,1111,
Η5518111108,1111111. 11111οοῖ. 01111, 578.
1’110,11111111111.ο 111.,7 0111, 175-177.
11008111108ἃ85, 5111101111. episc.. 11111, 617,
081, 786, 8118; 11 11 117, 518, 1111111111 1111 1850,
1111, 111111. 111, 111, 1111, 1111, 1111, 1111, 111 11111,
1065, 1115, 111117, 1101, 11111809, 1571, mm 1111111,
79515555551151551515,50155551. 111, [xxm.
135511108 ν18), 1111111111, episc.. 111, 501, 870.
Χᾶῗιὲέί, ἱῦιῆἷῗῗὲὴ), 111, 115, 101116, 501886, 1101ς
8011010118 0111810818.) mediolanens. episc,
ι5155555555οὃ ambronibus. 11111, 01111111, 1111,
ξῗὲθξῖ8505088 185511113111111. 11111111111111.,1.111ῑ1,
11511111οἳ, emanugqnsun. episp„ 0111, 658.
11110110 (8.1, ¹Cyrummanor. 1111111101, 11111, 556.
1110118151111111,01,
1111111111 ε.1,111.,1111,111
0111111108 (8.,,111111131111111 epm, 11, 188, 587,
ωῧδῦὲίιξὲυῧ (35103551 Χ1151576·
0811011108, 111, 01, 811.
1110108 1181, Ι1111111111,111111, 1111111, 607, 611.
Ennomus. 1111111111. Ι11111, 19 111, 05.
1111111111111111
1111111101 carnotens. epm, 1111111
11111111111111, nawen„ 111, 111, 111. 111,

5(5111111111,111111111118111,1111111111 .
501555555551011555.Χὲ511511 11111, 111,

111, 111.
1111111111,ι11.,11111,111.

8111001118 11 (8.),111111, 1.
00100, abb. 0111111, 180.

 

